{
    "dev": {
        "balance": {
            "factors": [
                "class",
                "box_width",
                "box_height",
                "box_area",
                "box_aspect_ratio",
                "dist_to_center",
                "dist_to_edge",
                "month",
                "day_of_year",
                "season",
                "utm",
                "gsd",
                "country_code",
                "cloud_cover",
                "target_azimuth_dbl",
                "sun_azimuth_dbl",
                "sun_elevation_dbl",
                "off_nadir_angle_dbl"
            ],
            "mutual_information": [
                [
                    0.9999995387585657,
                    0.12251615548668286,
                    0.12381058696983488,
                    0.14677720096574204,
                    0.10557534583524233,
                    0.10141973454953256,
                    0.08852445395632876,
                    0.006318384491888189,
                    0.0629557530833745,
                    0.0027175478589867214,
                    0.07752142697329632,
                    0.06641918809493431,
                    0.0,
                    0.017686688267796187,
                    0.07233412095150549,
                    0.06794082869286074,
                    0.07638730380947416,
                    0.06778421471239533
                ],
                [
                    0.12251615548668286,
                    1.4953214090374003,
                    0.21277656272852852,
                    0.5269827469939519,
                    0.3165052390067224,
                    0.2655234894498245,
                    0.11920179004555127,
                    0.0011537981042426804,
                    0.005228566892868527,
                    0.0015741001666845162,
                    0.02456289661051744,
                    0.02127677769964682,
                    4.907860199232444e-06,
                    0.0013225980019189074,
                    0.0011020104854826682,
                    0.0028443858700202733,
                    0.005552527760813335,
                    0.008131980470203611
                ],
                [
                    0.12381058696983488,
                    0.21277656272852852,
                    1.4338715967514506,
                    0.5110780406592583,
                    0.3106151401458172,
                    0.15029782276756595,
                    0.08900795162534904,
                    0.002351803593047695,
                    0.00909405858263894,
                    0.0006371520622370571,
                    0.02340877490012291,
                    0.023837709711887804,
                    4.878811591968156e-06,
                    0.0025641575841941783,
                    0.0034669147678272516,
                    0.0030884193643793073,
                    0.005441062931116917,
                    0.011462426485664355
                ],
                [
                    0.14677720096574204,
                    0.5269827469939519,
                    0.5110780406592583,
                    2.2413494230910898,
                    0.8003712657033945,
                    0.21582893854007976,
                    0.11092216426258225,
                    0.004629596500959018,
                    0.007270949935947262,
                    0.0012891012422797977,
                    0.03096759219567547,
                    0.024021184131244256,
                    1.3370324505964838e-16,
                    0.0012584763299894424,
                    0.005748105718313715,
                    0.005679791286932709,
                    0.009113705899963399,
                    0.009019089373062778
                ],
                [
                    0.10557534583524233,
                    0.3165052390067224,
                    0.3106151401458172,
                    0.8003712657033945,
                    2.1904954951864273,
                    0.02896761891045978,
                    0.028528883009867223,
                    0.002758710371176952,
                    0.004001909749239948,
                    0.0008669863169554078,
                    0.0651503076835416,
                    0.003589974504113666,
                    1.283068254868233e-16,
                    0.0,
                    0.0035332385177300495,
                    0.003421464766769218,
                    0.0,
                    0.0029816798554189953
                ],
                [
                    0.10141973454953256,
                    0.2655234894498245,
                    0.15029782276756595,
                    0.21582893854007976,
                    0.02896761891045978,
                    2.2090298008120586,
                    0.08392133591424605,
                    0.006797672773871712,
                    0.022203172641940265,
                    0.009961284077228582,
                    0.062392467468642535,
                    0.040129267638927824,
                    1.3015336434323421e-16,
                    0.005938313178641622,
                    0.011609605072721024,
                    0.01209726443286937,
                    0.015916159372823032,
                    0.021769576196986867
                ],
                [
                    0.08852445395632876,
                    0.11920179004555127,
                    0.08900795162534904,
                    0.11092216426258225,
                    0.028528883009867223,
                    0.08392133591424605,
                    1.2968461840247656,
                    0.00212616810481169,
                    0.015199084012503106,
                    0.00020045851622076385,
                    0.020946799006516127,
                    0.07082370344584793,
                    8.999988426443598e-06,
                    0.001997550227511405,
                    0.006556491413021096,
                    0.004255649025466626,
                    0.009566480555113971,
                    0.03143305879265987
                ],
                [
                    0.006318384491888189,
                    0.0011537981042426804,
                    0.002351803593047695,
                    0.004629596500959018,
                    0.002758710371176952,
                    0.006797672773871712,
                    0.00212616810481169,
                    0.9999995948944692,
                    0.5963107704755927,
                    0.6188008326581089,
                    0.05149546508533058,
                    0.3705115433397171,
                    0.0,
                    0.049986585694659705,
                    0.4113912211943149,
                    0.465486970024685,
                    0.5936003459673397,
                    0.38467267871686467
                ],
                [
                    0.0629557530833745,
                    0.005228566892868527,
                    0.00909405858263894,
                    0.007270949935947262,
                    0.004001909749239948,
                    0.022203172641940265,
                    0.015199084012503106,
                    0.5963107704755927,
                    0.9999998266435272,
                    0.38346352398138567,
                    0.28131282501354105,
                    0.5285672313881239,
                    0.0,
                    0.196610038982337,
                    0.5721797193954038,
                    0.646260288572008,
                    0.7531238537854195,
                    0.5451640067550046
                ],
                [
                    0.0027175478589867214,
                    0.0015741001666845162,
                    0.0006371520622370571,
                    0.0012891012422797977,
                    0.0008669863169554078,
                    0.009961284077228582,
                    0.00020045851622076385,
                    0.6188008326581089,
                    0.38346352398138567,
                    0.9999992746869332,
                    0.02706921691869548,
                    0.25338631648739574,
                    0.0,
                    0.028441138717055402,
                    0.29991927623053005,
                    0.3393518729177993,
                    0.41354342841807157,
                    0.26558472467470007
                ],
                [
                    0.07752142697329632,
                    0.02456289661051744,
                    0.02340877490012291,
                    0.03096759219567547,
                    0.0651503076835416,
                    0.062392467468642535,
                    0.020946799006516127,
                    0.05149546508533058,
                    0.28131282501354105,
                    0.02706921691869548,
                    0.9999996679319556,
                    0.39759654615870066,
                    0.0,
                    0.060783711054649414,
                    0.4395758882109825,
                    0.42206379183133536,
                    0.4644498902087249,
                    0.4091280174098949
                ],
                [
                    0.06641918809493431,
                    0.02127677769964682,
                    0.023837709711887804,
                    0.024021184131244256,
                    0.003589974504113666,
                    0.040129267638927824,
                    0.07082370344584793,
                    0.3705115433397171,
                    0.5285672313881239,
                    0.25338631648739574,
                    0.39759654615870066,
                    1.9557366654802018,
                    1.1556974656992147e-16,
                    0.26059140688959315,
                    0.9391106628084765,
                    0.8819792739287642,
                    0.9169818644603448,
                    1.3408912103158823
                ],
                [
                    0.0,
                    4.907860199232444e-06,
                    4.878811591968156e-06,
                    1.3370324505964838e-16,
                    1.283068254868233e-16,
                    1.3015336434323421e-16,
                    8.999988426443598e-06,
                    0.0,
                    0.0,
                    0.0,
                    0.0,
                    1.1556974656992147e-16,
                    0.0,
                    0.0,
                    1.4326719806463323e-16,
                    1.2529996738812536e-16,
                    1.3717533201865028e-16,
                    1.2476385194043873e-16
                ],
                [
                    0.017686688267796187,
                    0.0013225980019189074,
                    0.0025641575841941783,
                    0.0012584763299894424,
                    0.0,
                    0.005938313178641622,
                    0.001997550227511405,
                    0.049986585694659705,
                    0.196610038982337,
                    0.028441138717055402,
                    0.060783711054649414,
                    0.26059140688959315,
                    0.0,
                    0.9999994191189571,
                    0.3005263238195626,
                    0.2771551943267872,
                    0.29973427885181825,
                    0.2744982171769106
                ],
                [
                    0.07233412095150549,
                    0.0011020104854826682,
                    0.0034669147678272516,
                    0.005748105718313715,
                    0.0035332385177300495,
                    0.011609605072721024,
                    0.006556491413021096,
                    0.4113912211943149,
                    0.5721797193954038,
                    0.29991927623053005,
                    0.4395758882109825,
                    0.9391106628084765,
                    1.4326719806463323e-16,
                    0.3005263238195626,
                    2.4233506397335103,
                    0.9904311811384788,
                    1.0225842083284544,
                    0.9739203414700625
                ],
                [
                    0.06794082869286074,
                    0.0028443858700202733,
                    0.0030884193643793073,
                    0.005679791286932709,
                    0.003421464766769218,
                    0.01209726443286937,
                    0.004255649025466626,
                    0.465486970024685,
                    0.646260288572008,
                    0.3393518729177993,
                    0.42206379183133536,
                    0.8819792739287642,
                    1.2529996738812536e-16,
                    0.2771551943267872,
                    0.9904311811384788,
                    2.12075093190878,
                    1.0495008847889205,
                    0.9099624339998107
                ],
                [
                    0.07638730380947416,
                    0.005552527760813335,
                    0.005441062931116917,
                    0.009113705899963399,
                    0.0,
                    0.015916159372823032,
                    0.009566480555113971,
                    0.5936003459673397,
                    0.7531238537854195,
                    0.41354342841807157,
                    0.4644498902087249,
                    0.9169818644603448,
                    1.3717533201865028e-16,
                    0.29973427885181825,
                    1.0225842083284544,
                    1.0495008847889205,
                    2.3218145485235584,
                    0.9546533840404406
                ],
                [
                    0.06778421471239533,
                    0.008131980470203611,
                    0.011462426485664355,
                    0.009019089373062778,
                    0.0029816798554189953,
                    0.021769576196986867,
                    0.03143305879265987,
                    0.38467267871686467,
                    0.5451640067550046,
                    0.26558472467470007,
                    0.4091280174098949,
                    1.3408912103158823,
                    1.2476385194043873e-16,
                    0.2744982171769106,
                    0.9739203414700625,
                    0.9099624339998107,
                    0.9546533840404406,
                    2.110381393094663
                ]
            ]
        },
        "coverage": {
            "count": 750,
            "coverage_scores": [
                323.10607675069775
            ],
            "image_paths": [
                "img.png"
            ],
            "threshold": 209.42780426183427
        },
        "duplicates": {
            "indices": [
                0
            ]
        },
        "feasibility": {
            "ber": 0.4195066666666667,
            "ber_lower": 0.24158889336939685,
            "max_performance": 0.7584111066306032
        },
        "image properties": {},
        "outliers": {
            "indices": [
                0
            ]
        },
        "parity": {},
        "sufficiency": {
            "comparison_model": {
                "_STEPS_": [
                    1.0,
                    101.0,
                    201.0,
                    301.0,
                    401.0,
                    501.0,
                    601.0,
                    701.0,
                    801.0,
                    901.0,
                    1001.0,
                    1101.0,
                    1201.0,
                    1301.0,
                    1401.0,
                    1501.0,
                    1601.0,
                    1701.0,
                    1801.0,
                    1901.0,
                    2001.0,
                    2101.0,
                    2201.0,
                    2301.0,
                    2401.0,
                    2501.0,
                    2601.0,
                    2701.0,
                    2801.0,
                    2901.0,
                    3001.0,
                    3101.0,
                    3201.0,
                    3301.0,
                    3401.0,
                    3501.0,
                    3601.0,
                    3701.0,
                    3801.0,
                    3901.0,
                    4001.0,
                    4101.0,
                    4201.0,
                    4301.0,
                    4401.0,
                    4501.0,
                    4601.0,
                    4701.0,
                    4801.0,
                    4901.0,
                    5001.0,
                    5101.0,
                    5201.0,
                    5301.0,
                    5401.0,
                    5501.0,
                    5601.0,
                    5701.0,
                    5801.0,
                    5901.0,
                    6001.0,
                    6101.0,
                    6201.0,
                    6301.0,
                    6401.0,
                    6501.0,
                    6601.0,
                    6701.0,
                    6801.0,
                    6901.0,
                    7001.0,
                    7101.0,
                    7201.0,
                    7301.0,
                    7401.0,
                    7501.0,
                    7601.0,
                    7701.0,
                    7801.0,
                    7901.0,
                    8001.0,
                    8101.0,
                    8201.0,
                    8301.0,
                    8401.0,
                    8501.0,
                    8601.0,
                    8701.0,
                    8801.0,
                    8901.0,
                    9001.0,
                    9101.0,
                    9201.0,
                    9301.0,
                    9401.0,
                    9501.0,
                    9601.0,
                    9701.0,
                    9801.0,
                    9901.0
                ],
                "__PARAMS__": [
                    -0.01456097,
                    -0.39583784,
                    0.83023991
                ],
                "performance": [
                    0.09469168,
                    0.25907516,
                    0.2980095,
                    0.32328174,
                    0.34242124,
                    0.35799568,
                    0.37121329,
                    0.38274579,
                    0.3930078,
                    0.40227439,
                    0.41073801,
                    0.41853891,
                    0.42578264,
                    0.43255078,
                    0.43890773,
                    0.44490532,
                    0.4505859,
                    0.45598452,
                    0.4611306,
                    0.46604903,
                    0.4707611,
                    0.47528516,
                    0.47963714,
                    0.48383098,
                    0.48787895,
                    0.49179187,
                    0.4955794,
                    0.49925016,
                    0.50281187,
                    0.50627149,
                    0.50963534,
                    0.51290911,
                    0.51609801,
                    0.5192068,
                    0.52223982,
                    0.52520108,
                    0.52809424,
                    0.5309227,
                    0.5336896,
                    0.53639785,
                    0.53905014,
                    0.54164899,
                    0.54419674,
                    0.54669558,
                    0.54914754,
                    0.55155455,
                    0.5539184,
                    0.55624078,
                    0.55852328,
                    0.56076738,
                    0.56297451,
                    0.56514598,
                    0.56728307,
                    0.56938695,
                    0.57145876,
                    0.57349956,
                    0.57551038,
                    0.57749217,
                    0.57944585,
                    0.5813723,
                    0.58327235,
                    0.58514679,
                    0.58699638,
                    0.58882183,
                    0.59062385,
                    0.59240308,
                    0.59416017,
                    0.59589571,
                    0.59761029,
                    0.59930447,
                    0.60097877,
                    0.6026337,
                    0.60426977,
                    0.60588744,
                    0.60748717,
                    0.60906939,
                    0.61063453,
                    0.61218299,
                    0.61371517,
                    0.61523143,
                    0.61673214,
                    0.61821766,
                    0.61968833,
                    0.62114446,
                    0.62258637,
                    0.62401438,
                    0.62542878,
                    0.62682984,
                    0.62821786,
                    0.62959309,
                    0.6309558,
                    0.63230623,
                    0.63364464,
                    0.63497125,
                    0.6362863,
                    0.63759001,
                    0.63888259,
                    0.64016426,
                    0.64143521,
                    0.64269565
                ]
            },
            "model": {
                "_STEPS_": [
                    1.0,
                    101.0,
                    201.0,
                    301.0,
                    401.0,
                    501.0,
                    601.0,
                    701.0,
                    801.0,
                    901.0,
                    1001.0,
                    1101.0,
                    1201.0,
                    1301.0,
                    1401.0,
                    1501.0,
                    1601.0,
                    1701.0,
                    1801.0,
                    1901.0,
                    2001.0,
                    2101.0,
                    2201.0,
                    2301.0,
                    2401.0,
                    2501.0,
                    2601.0,
                    2701.0,
                    2801.0,
                    2901.0,
                    3001.0,
                    3101.0,
                    3201.0,
                    3301.0,
                    3401.0,
                    3501.0,
                    3601.0,
                    3701.0,
                    3801.0,
                    3901.0,
                    4001.0,
                    4101.0,
                    4201.0,
                    4301.0,
                    4401.0,
                    4501.0,
                    4601.0,
                    4701.0,
                    4801.0,
                    4901.0,
                    5001.0,
                    5101.0,
                    5201.0,
                    5301.0,
                    5401.0,
                    5501.0,
                    5601.0,
                    5701.0,
                    5801.0,
                    5901.0,
                    6001.0,
                    6101.0,
                    6201.0,
                    6301.0,
                    6401.0,
                    6501.0,
                    6601.0,
                    6701.0,
                    6801.0,
                    6901.0,
                    7001.0,
                    7101.0,
                    7201.0,
                    7301.0,
                    7401.0,
                    7501.0,
                    7601.0,
                    7701.0,
                    7801.0,
                    7901.0,
                    8001.0,
                    8101.0,
                    8201.0,
                    8301.0,
                    8401.0,
                    8501.0,
                    8601.0,
                    8701.0,
                    8801.0,
                    8901.0,
                    9001.0,
                    9101.0,
                    9201.0,
                    9301.0,
                    9401.0,
                    9501.0,
                    9601.0,
                    9701.0,
                    9801.0,
                    9901.0
                ],
                "__PARAMS__": [
                    -0.12119787,
                    -0.18571615,
                    1.02650619
                ],
                "performance": [
                    0.18432106,
                    0.26024506,
                    0.28857813,
                    0.30917224,
                    0.32593572,
                    0.3403244,
                    0.35306491,
                    0.36457989,
                    0.37513995,
                    0.38493028,
                    0.394084,
                    0.40270045,
                    0.41085602,
                    0.41861088,
                    0.42601341,
                    0.43310316,
                    0.43991295,
                    0.44647034,
                    0.45279874,
                    0.45891823,
                    0.46484618,
                    0.47059773,
                    0.47618617,
                    0.48162322,
                    0.48691932,
                    0.49208376,
                    0.49712491,
                    0.50205027,
                    0.50686664,
                    0.51158022,
                    0.51619662,
                    0.52072099,
                    0.52515805,
                    0.52951213,
                    0.53378723,
                    0.53798704,
                    0.54211498,
                    0.54617424,
                    0.55016776,
                    0.55409829,
                    0.55796841,
                    0.56178052,
                    0.56553688,
                    0.56923959,
                    0.57289065,
                    0.57649193,
                    0.58004518,
                    0.58355208,
                    0.58701419,
                    0.590433,
                    0.59380992,
                    0.59714629,
                    0.60044337,
                    0.60370237,
                    0.60692444,
                    0.61011066,
                    0.61326208,
                    0.61637968,
                    0.61946442,
                    0.62251719,
                    0.62553887,
                    0.62853027,
                    0.6314922,
                    0.63442541,
                    0.63733063,
                    0.64020855,
                    0.64305985,
                    0.64588517,
                    0.64868513,
                    0.65146033,
                    0.65421134,
                    0.65693871,
                    0.65964296,
                    0.66232463,
                    0.66498419,
                    0.66762214,
                    0.67023892,
                    0.67283498,
                    0.67541075,
                    0.67796665,
                    0.68050308,
                    0.68302043,
                    0.68551908,
                    0.68799938,
                    0.6904617,
                    0.69290637,
                    0.69533373,
                    0.6977441,
                    0.70013779,
                    0.7025151,
                    0.70487633,
                    0.70722177,
                    0.70955168,
                    0.71186635,
                    0.71416603,
                    0.71645098,
                    0.71872144,
                    0.72097766,
                    0.72321987,
                    0.72544831
                ]
            }
        },
        "visual quality": {}
    },
    "op": {
        "balance": {
            "factors": [
                "class",
                "box_width",
                "box_height",
                "box_area",
                "box_aspect_ratio",
                "dist_to_center",
                "dist_to_edge",
                "month",
                "day_of_year",
                "season",
                "utm",
                "gsd",
                "country_code",
                "cloud_cover",
                "target_azimuth_dbl",
                "sun_azimuth_dbl",
                "sun_elevation_dbl",
                "off_nadir_angle_dbl"
            ],
            "mutual_information": [
                [
                    0.9999995387585657,
                    0.12424384927914277,
                    0.12409900924140257,
                    0.14786860623687131,
                    0.1055870600852307,
                    0.10242759727806944,
                    0.0883395791335869,
                    0.006318384491888189,
                    0.0629557530833745,
                    0.0027175478589867214,
                    0.07752142697329632,
                    0.06586283484090738,
                    0.0,
                    0.017686688267796187,
                    0.07227159831238086,
                    0.06779355325755469,
                    0.07646760808164096,
                    0.06768268934426805
                ],
                [
                    0.12424384927914277,
                    1.496834093980268,
                    0.21213648111887248,
                    0.5274421626755459,
                    0.3165363958853938,
                    0.2650318181962956,
                    0.11861784502367603,
                    0.0013577351613742034,
                    0.0055324208566707184,
                    0.0,
                    0.023708139290054785,
                    0.021102180269107085,
                    1.2875778182365154e-16,
                    0.0008461371783501767,
                    0.001174884477668131,
                    0.003195504784806405,
                    0.005432439770393904,
                    0.008347786600433015
                ],
                [
                    0.12409900924140257,
                    0.21213648111887248,
                    1.43331863194798,
                    0.5114570227136285,
                    0.3108492544238186,
                    0.15020149178519743,
                    0.08927160300029663,
                    0.002021475751645766,
                    0.009221360241643436,
                    0.0004819361429312818,
                    0.023192918561843672,
                    0.024231141215661386,
                    4.878811591968156e-06,
                    0.0017544405770655125,
                    0.003557881802940367,
                    0.0032788261069187554,
                    0.005563472765034248,
                    0.011126662582045815
                ],
                [
                    0.14786860623687131,
                    0.5274421626755459,
                    0.5114570227136285,
                    2.2413021921243654,
                    0.800173155606977,
                    0.2158417905177144,
                    0.11079624977163449,
                    0.004358432723108811,
                    0.0072638511960331316,
                    0.0018823940888717204,
                    0.031002861431899908,
                    0.024000690239888565,
                    1.3370324505964838e-16,
                    0.0012708826478887497,
                    0.005789607311193272,
                    0.005576434407779301,
                    0.009196628055982538,
                    0.009097507871047336
                ],
                [
                    0.1055870600852307,
                    0.3165363958853938,
                    0.3108492544238186,
                    0.800173155606977,
                    2.1902400504418256,
                    0.029005332576876826,
                    0.028581651163179726,
                    0.002780208506936789,
                    0.003999329522791489,
                    0.0013600356433124507,
                    0.06531459549926313,
                    0.003578807522916485,
                    1.283068254868233e-16,
                    0.0,
                    0.0035508427546257566,
                    0.003407395889271489,
                    0.0,
                    0.0029406084570242396
                ],
                [
                    0.10242759727806944,
                    0.2650318181962956,
                    0.15020149178519743,
                    0.2158417905177144,
                    0.029005332576876826,
                    2.209235031415906,
                    0.08389374363489768,
                    0.0067080935394537135,
                    0.022183743663297926,
                    0.009937908323153746,
                    0.06221548257818442,
                    0.040155588159970536,
                    1.3015336434323421e-16,
                    0.005471355399692561,
                    0.011545677126351737,
                    0.01218884781276172,
                    0.015907639739113584,
                    0.021769576990985424
                ],
                [
                    0.0883395791335869,
                    0.11861784502367603,
                    0.08927160300029663,
                    0.11079624977163449,
                    0.028581651163179726,
                    0.08389374363489768,
                    1.296923203420107,
                    0.00453048065316886,
                    0.015036195818952871,
                    0.0030865337236247936,
                    0.02225636824787348,
                    0.07081497776923962,
                    1.349998263954734e-05,
                    0.0016822901185225834,
                    0.0065289193694953755,
                    0.004570970052287407,
                    0.010025996952164365,
                    0.031343274629146704
                ],
                [
                    0.006318384491888189,
                    0.0013577351613742034,
                    0.002021475751645766,
                    0.004358432723108811,
                    0.002780208506936789,
                    0.0067080935394537135,
                    0.00453048065316886,
                    0.9999995948944692,
                    0.5963107704755927,
                    0.6188008326581089,
                    0.05149546508533058,
                    0.37049256853370927,
                    0.0,
                    0.049986585694659705,
                    0.4113942611876983,
                    0.46547853189902194,
                    0.5936036010401199,
                    0.3846637944563761
                ],
                [
                    0.0629557530833745,
                    0.0055324208566707184,
                    0.009221360241643436,
                    0.0072638511960331316,
                    0.003999329522791489,
                    0.022183743663297926,
                    0.015036195818952871,
                    0.5963107704755927,
                    0.9999998266435272,
                    0.38346352398138567,
                    0.28131282501354105,
                    0.5284398626050567,
                    0.0,
                    0.196610038982337,
                    0.5720157850329342,
                    0.6461924790451752,
                    0.7532492724047979,
                    0.5453035111990662
                ],
                [
                    0.0027175478589867214,
                    0.0,
                    0.0004819361429312818,
                    0.0018823940888717204,
                    0.0013600356433124507,
                    0.009937908323153746,
                    0.0030865337236247936,
                    0.6188008326581089,
                    0.38346352398138567,
                    0.9999992746869332,
                    0.02706921691869548,
                    0.25336749586525875,
                    0.0,
                    0.028441138717055402,
                    0.2999230559716608,
                    0.3394112508404702,
                    0.41354196160794227,
                    0.2655839236200117
                ],
                [
                    0.07752142697329632,
                    0.023708139290054785,
                    0.023192918561843672,
                    0.031002861431899908,
                    0.06531459549926313,
                    0.06221548257818442,
                    0.02225636824787348,
                    0.05149546508533058,
                    0.28131282501354105,
                    0.02706921691869548,
                    0.9999996679319556,
                    0.3975388463351041,
                    0.0,
                    0.060783711054649414,
                    0.43956654319766925,
                    0.42210957328226034,
                    0.4644110513144411,
                    0.40919306678333206
                ],
                [
                    0.06586283484090738,
                    0.021102180269107085,
                    0.024231141215661386,
                    0.024000690239888565,
                    0.003578807522916485,
                    0.040155588159970536,
                    0.07081497776923962,
                    0.37049256853370927,
                    0.5284398626050567,
                    0.25336749586525875,
                    0.3975388463351041,
                    1.9552505362287032,
                    4.405171876933567e-06,
                    0.2607582538447559,
                    0.9392651848734759,
                    0.8814851036169071,
                    0.9171239751279207,
                    1.3407185176449279
                ],
                [
                    0.0,
                    1.2875778182365154e-16,
                    4.878811591968156e-06,
                    1.3370324505964838e-16,
                    1.283068254868233e-16,
                    1.3015336434323421e-16,
                    1.349998263954734e-05,
                    0.0,
                    0.0,
                    0.0,
                    0.0,
                    4.405171876933567e-06,
                    0.0,
                    0.0,
                    5.460915598872221e-06,
                    1.2529996738812536e-16,
                    1.3717533201865028e-16,
                    1.2476385194043873e-16
                ],
                [
                    0.017686688267796187,
                    0.0008461371783501767,
                    0.0017544405770655125,
                    0.0012708826478887497,
                    0.0,
                    0.005471355399692561,
                    0.0016822901185225834,
                    0.049986585694659705,
                    0.196610038982337,
                    0.028441138717055402,
                    0.060783711054649414,
                    0.2607582538447559,
                    0.0,
                    0.9999994191189571,
                    0.3007453420103067,
                    0.2769552181584857,
                    0.30002327731228134,
                    0.2748069349582187
                ],
                [
                    0.07227159831238086,
                    0.001174884477668131,
                    0.003557881802940367,
                    0.005789607311193272,
                    0.0035508427546257566,
                    0.011545677126351737,
                    0.0065289193694953755,
                    0.4113942611876983,
                    0.5720157850329342,
                    0.2999230559716608,
                    0.43956654319766925,
                    0.9392651848734759,
                    5.460915598872221e-06,
                    0.3007453420103067,
                    2.4229060219372407,
                    0.9903480692004218,
                    1.0222414324494846,
                    0.9740964004507952
                ],
                [
                    0.06779355325755469,
                    0.003195504784806405,
                    0.0032788261069187554,
                    0.005576434407779301,
